M,2,3,4,5,6,7,8,9,10,12,14,16,18,20,22,24,26,28,30,32,
CPP,3.432857,7.113571,12.195000,18.385714,25.918571,34.621429,44.712143,55.895000
CPP_STDDEV,0.019431,0.200414,0.046252,0.306261,0.723077,0.192720,0.371564,0.383699
CPP_MULTICORE,46.807857,43.630000,62.818571,54.682143,53.186429,52.335000,50.861429,52.879286
CPP_MULTICORE_STDDEV,3.056439,14.759048,8.706781,4.768705,8.818371,5.546471,5.480968,4.502122
MLIR,0.240714,0.730000,1.040000,2.061429,2.622857,3.051429,9.873571,12.012143,14.544286,19.880714,13.125000,39.599286,36.447143,59.147143,68.745714,135.804286,177.575714,237.932857,274.657857,443.485000
MLIR_STDDEV,0.002575,-nan,0.000000,0.007423,0.004518,0.003499,0.017158,0.010809,0.013477,0.025203,0.266746,1.119716,1.209814,1.666418,2.247172,4.909093,9.317062,8.981120,14.840559,16.952263
MLIR_MULTICORE,3.282143,5.462857,6.703571,8.105000,11.388571,11.052857,13.455000,14.774286,14.334286,15.818571,19.590714,23.685714,27.085000,30.156429,34.641429,47.127143,53.791429,66.867143,69.058667,84.666429
MLIR_MULTICORE_STDDEV,0.099296,1.059261,1.519359,1.867912,2.326149,2.056771,1.964196,2.509242,2.636396,2.865486,3.054674,2.803094,2.753983,2.452205,3.282179,3.445180,3.765759,5.156924,19.137089,6.411401
C,0.240000,0.532143,0.661429,0.957143,1.337857,1.845714,2.470000,3.089286
C_STDDEV,0.008452,0.004103,0.003499,0.017900,0.010809,0.008207,0.003780,0.013869
